/*
function transpose(matrix) {
  const zeroesArray = length => new Array(length).fill(0);

  return zeroesArray(matrix[0].length)
    .map((_, row) => zeroesArray(matrix.length)
      .map((_, col) => matrix[col][row]));
}
*/

function transpose(matrix) {
  return matrix[0]
    .map((_, row) => matrix
      .map((_, col) => matrix[col][row]));
}

const matrix = [
  [1, 5, 8, 5],
  [4, 7, 2, 0],
  [3, 9, 6, 1]
];

let newMatrix = transpose(matrix);

console.log(newMatrix);      // [[1, 4, 3], [5, 7, 9], [8, 2, 6], [5, 0, 1]]
console.log(matrix);         // [[1, 5, 8, 5], [4, 7, 2, 0], [3, 9, 6, 1]]

console.log(transpose([[1, 2, 3, 4]]));     // [[1], [2], [3], [4]]
console.log(transpose([[1], [2], [3], [4]]));      // [[1, 2, 3, 4]]
console.log(transpose([[1]]));                     // [[1]]

//transpose([[1, 2, 3, 4, 5], [4, 3, 2, 1, 0], [3, 7, 8, 6, 2]]);
// [[1, 4, 3], [2, 3, 7], [3, 2, 8], [4, 1, 6], [5, 0, 2]]